$ANSIBLE_VAULT;1.1;AES256
32366335643930313538313666323439376362326232636265343166323331653830396133393333
6165353065616664613031356330623465313762376163320a653434613235363730623832666236
66653333653231623465613835393464613439653038373136306365343732313432346131623330
3537313936613431350a343339623366346436663539376339636133356264386232663966346466
39376364643539303963653633306163373231383430386538633563636633356139333738376435
35373663623334633838653338373764643538666635376431613633386238363265386164306264
62653562613763646138376365336534383933666564313932303962303731373330653338313532
31636230353765353564353530376664666266383638326633343631653330346638613964646566
32333564336235663637663930313963653037643034653837316163386534633266363662346565
65363930663264376662346664343464613435613332326437353165363234363333366631633133
36396266366663613865623538613235383036346163386461386538303432366161616230373438
39323137326235373737633033316562666336626334343139353535336465646633323266623966
37653166653236336636313031343064316465366662303461353430663233303737366637613364
30343935363739306639363135323165653463333937653265373336323566383761346633613864
62633264623632633138333837383137613438643631623632393933343565636562363063376362
64623233323738373934343632353465333034326163363963376135633031396638313865396139
32643665613538306139663831643264386262376438396363323836336165303631623864363364
63666538303738353862353232373836346534303432623339663364316662663966383366656365
37633966656662616566643130303832333937313064323263666433653938396461303632313335
32393339333939333036336239353237306434376561336131326134383032633865376431303061
33346666393737363965643663643161633637663638616237353661366232306434366266303362
36653037363166303030646337303666643335343063323064646164326638613033623930326434
63303133393639366666653761346363346538333739396639636538356630363362323863373533
36633136396262333030313834313436353832353735383736333832333637343931653838626563
30343063613861356637333661666238373535393130343031653737323837613966656539363835
64623738393938363063633332626539353863353365616561386635633732373836366635363534
61383938643937393639346464643562616633333764663161636365663430646435656234396361
61323964633164333961653231636563616637383363613032653663303432333839303563656432
37643961343839643861323537376234613066363037376534393431323738653332663138623536
38316232366561323864303865633739303865333863666533663564366161353866393430346236
66326331343731643132383365653330616532396430333133333365663965373236613931303764
63383038386131323963396261363436326434656436333761333266346134353033353530383965
64393265656462643234386666363162643763393862373862633237383130626132386630383462
39353165356563636634393364316435386334653464306337663730623765633138626265653366
39346433303238393238616264373332353465663964326439653363666134326637383236633639
37383466346430303463663163636465343562346662666233373063386266626235623937366436
36633632363238646239626261366135373437613663363163666131336138396362393561336362
66626330326664633234376466326439386235316661383734313561663266346263653464616531
65393730636335313034313235623264376339623762653534663238333538396633613465393666
31353963666333383338343561656236376436323838363766396162663166343239616331383337
33663433663038656630636562366435613765343561396236383362653033393966663438306662
62616230646465666630356563616166336135363632623262393239346636303434316435376337
30306131326161363166653134326465313031643435633931333164636439313831623331653463
61316332663765663733643661623064633733633763363963363436636238663932656637636565
33363737366365393134323365373463356635633830653966623330333562373335303234323830
30333932323236313361303562666236366637383766393835626563666162623434326637633861
32636362666537613936653461373837653332393332346265663536643833653130613531626534
33356661343232353130663463343861306534386463393732306663383039346136366132376664
38613835326630343663373765656238363066656333333266653466623035393064383337366433
65666662323861376334623631396438386235656139613030323739333261373335646331346363
33313966366237633231633530336364336236643132353735343365396263616364663436396533
36336563666161333331363835353834343634646633353063653731303638373830396636636265
33613434383531396364663037343731333838636636613133353137396132386233353636643531
32613166373333346262653735613432636666313634383265623539353439616663376134346662
34373533373738303635303661393531386462616438333034633539626238313538613533633534
61316331316666626532376335366561346631613633326561643332663531633830376335353230
62323336363939623363613331353836393232633463363935373461633563383235383962646133
35313761636333636536623065653535633863613438623135326561613331323432386361356539
38666533633832653330376436653432313963656266363437386431316433396263643634626162
36346261356531323138313432663536636333323531646139613365303439656530333366333065
35643364373130646132376232353264643730346632623363363230633037306138343137666635
62373439393066653266613331313037323262356630633434303461663230313834306131383638
64656330363934363135366339363064623130336634663939336562306563393864626534643538
31643963666431336430393738616134656461326264643837383834346461646366396536643034
35356361306335646537346663623531353162633030353930323037623464353239616166333631
63623338643536623131343964643637333565646265646161653864316337363332633065386131
30623532363263653137353861396636306335303535353466646138393837333236346537376331
35333132343266363237313231653834656264373738336539336438656338313861623033383438
31363238383735323332313566316136666631373038663931656538336165313838323733663532
62353837343633336466316533623164323539626538326133643633656161393162643232396638
37306631353763353838333665323837353631303037316662313766393563333761393861383734
66366261353563666133663063643730346432636234643763633237626435323939323263326361
37396539326638326239393633323935393138633236623238316235633830303733646562623261
37326637396331636635316631653265353663646131643034346535643839663062316464656163
65626539383065343937373731653436336533346239313530346335386133303963323036646131
64643461663332363962316234643963316563343436653163313538306635333663663234663565
35626634623433323163633832326336326437343234316266363639366365626530393562623837
38366366366466373330623138636666303631353965393830653965623664633265373738646263
64396532626433346330666463636131383261643937323061363532353838346461326134316661
33623935346138376663336662363566643237383438323336653934303463643331356339626161
31343931643036343830333731646366653038636235373334306437386665303136646639393339
35633436393431623035393938366261636361393636323536393034303839633438373466363036
66356337373530313665636635353230623761646230643662313065386433393862313964656333
64633839646332306363663333313935333734623364343137633932333335313938376363666132
66656434336663363132656539626137356234396433373263373832373838343335393762313265
34633038336335333132313031336431333063396138333661363863303731373363366162646464
37323063383237643861336334643133313562633131643932326235666266316637303862376138
64356363623634366332653439366133643139633636323765633834626235396636313664623063
65613032306132363839323066303466666131363336303934313266343334613231646331656239
39336436646165323235376535356135663064376265303736336632643264643733316266326465
31663534303765363265326530323038313462663936373931663764376135636263396165636463
32353465353334343062346338316332343465356266393564323161323233383830613937313734
30326438346239353465336462366237613138376331663233326362323462646462663832363931
31346663643935626438386632346438343838623534346662393133653864336134343163356431
35653133306162336564356563333032323431636131333839336535336331373732666264356564
30666432633264656466303931346664613765393866386531636138633131616537656539316266
65333133346235316232623230373961613566633562373333666261333536373463666439666339
32343235306464353236353766313237643964313230393564626630396538646431363661623936
30326166363563343464623330373138626162313433303963663233333066336537633163643238
32303465663839363234326161636232326633613832643866373466353066623434636635633065
64343730396664393132306464346134306137623861366138376530326634306666656661623732
35376234313863316561383465363235326532633063333066353561356538313362383930633132
63303132383765313566303938373463336330393436306134393337303963326430616330333066
37306266626262663565373838633966333139343662333865333361643438643838303263376336
37623366633265333765653532613333393765303463663566353063633134373734626561383535
32323037333862353130316130313432333836373232313135303638613930656132393361336633
61303834353038316532303733653264613430383364316264323062613238353536323235373435
38636533373466623162346263663332333162643263663636333265313233366237636332636335
33336564343166346465663966663839636365356530656132333035346565363064356537666331
65326463366163353535646139666164643731373432363738363965663964376565383037636263
35383535636434623033626137373935323964336464376131613561313166306636393261383334
61363834303831373838306634656262613065336638646439633230333233653361356264306166
62303264663238306533393662323966356539393134333537663463376466313962323537333832
34363163613631393361366666613636653535366365363730396665636565383731643834616366
35663661323166353863393762656562383639643166643633386165613661346264633332316461
61373766356534333865316235656362653333306535393534333939373732313535663132316465
63316366363439656139613764346663343231343562323432623065316632323866613235333030
39303962383362623463346361663633356339653965633766386233663334326231353638346463
37323738633466613163656134626431663731323766643938336661626166323536393138646235
30393630363830323731623565396534663038343562626138623238323537626438366466386432
33363866313761316564393464623765363932613034356133626662343661633566323439323666
66356664383639666534383637633836633732643536323934623831313933313966666136626237
31626563616437323237383935623264636538643162333435613137373261333266646666613665
32393364366361323439633838313131313062636435623764306535316334376366653639653263
65376461336136626339316662306337363332633830656533613965313533393235303464393961
66316236373262343832653231356362396130613539643562323733333565376436663431646336
30313534633538383932666639323531386235313761376132376565636434363566396137663338
31316332653262323130663634353733356562653533666234626338333339343836633930636631
38366535653362613765613433306366626637376335666137333164363232643136366634316466
39393735613138346664326466383831663732326634626333386638326564396532653737326430
36663962343935373636336130386439663733323765336163393431396430626633626238323563
65353335616437366464623664666338333231643230386365326234663635343135396164313132
61393132626532303761316466383065383337656435383365396332646536353639323839393862
32633163353835393330363965353535386232613161383730653032316136623434313063623162
35366338366633333564633938363632346461356133636238333536343638663835343134313762
65303837633638613239383134663235623232366266316338643830653630316333663261363937
38656464613939653433356636333335333134636638323263306262633163636132353132663035
35353237373735396532356336376232643233313832653634366436363333346234366232616635
65306666353265353664633036646132376566356166356162366666643230363061343335323538
61326332313735653361656533323833326637643062393133663337376263653732646639663365
39383637343865346566313930643939346536636166366562653965636663613036333365643837
65646664653965303735643366396665373266643064316431633963343639313762333631316161
37343063343563303731353366666130383433356537383065386136376333306433623730376531
38333962613438376566303465663130383565363366323032373935396235353365386331343836
31383430313539373438343439633130373264323062393865366261373665646439343264663034
31383835393561623237653833343265393831646462353831373737333137373736616561386236
65353633336237336135333631626136373438303231386662653661383765323163326130343732
66613266316437343437306661623732343338353138346138633731616364353261656331366462
36653631646663383564396165623934623937613730623632623833633362643661623131613661
61333633633031333236643761343133643731346439396431353139313765646535396539323838
30623862623263316139626336653432643730613662376561393764643761363666656638633062
36343434376233313265353064383663313036663439303232613865363762623134613634613364
62396135346632316263396365316565616535363735663937626433666131653237383338633665
64343831636436383537313634386631323065663566333562343239326433623835646332343133
61303037336133633162326466316666646561306630313766356363366134656161343236373365
39303930323738383962666636376365383736643066373333613436343339313631373266666161
30643836363037356661383662623535383232636664626436396230316634376164643336373535
62376236383034386539376266396133373933376131663266393338396131326664633838383462
37643239366334386463363837646664333333326239633061626663346531386434613264343039
61333965613930633335366134396563666433636531656430376464643033633331323861646136
65666636336235353962316634326266643135656162373264376161623564623134623439363262
36656133616137366466356230313837376162653132626631636437363033363766373439383634
63646630353333643461653833356333643530626333333763653061336536383863376164616136
33663763313034303935356432303537373364346438623461653736656537643933356664393966
35356334336438633564373231633537353166343166336366613362653963336564333164643664
63633439643066656161313730653766323663343638623337636336383933303661656636313636
66396138653664343063666431356136353934636564303364393231303531346266663362663465
61653366646539386134646166353731666331623264356136303062373063353561623864333035
65616565363962313331363234343161363035656362636334656133363232333833653330346435
62383639653134613165313634636339326431396637393364356366363537616165663434626664
62646165363537626635373937386330353364306266336133663130613066626136656235393834
33623766326233653163346563323561383965333363616663336565393434633733633064376561
32656162393830316664333234343338653564306232626335393965353531323730336634313437
62353936636630633031333936336339613564623035346334313962343939356531626537623062
38626231343331376166323665326366616435633833643364376135343138616565666338396135
37316637616534383766343636306661633233626639383265373035383332616336353761313865
30353532313038623735633066383663643665663239313366316666396230363532393639386332
33346537303730336632616639393939653135303830363130616564346161353031353536393138
63343839323233326537623065623164653639633532333637656638316237373734336338356633
64376136663330616439306163373631616366343338663430633661623963363366633434646330
33336239643066623562666663376138636366613462653865373837626331656438333964333335
38376335363932323631386364666239643131623536353165333063373234373730343433353462
62366435626261656365633864653466356466643766383665666230616436346164383534646332
33383336656436383337666536366562353962616235326134333631633166363563383136313731
33383030323464646163306430393931343562353662333031303965316162313434663031643139
61366432626332326637313938353932663465613730313335613737633762663263663061633331
65316231376437616261346432643365643433393237663035646532323334353466363635653566
32353164333563613562333061366165626537376635336464633338663262343261313935666237
35313439346137396234353831333639393130383236653433623264366335623538643961323336
39386335353831373135383135336430666636613665376665366366363934376332653536316265
64623065316133393363633231636563666439366663316434636331316137343237343735306532
31653465656164366466393431643939306363383835643566363662346164656634386438656638
38393766663865613632343763343561646264386237323134396465613136663136353164636466
38356533643662633135313962363532356565373033303237366538303830656632623032623363
38323732396333393539316462333737353532663736616136636235356338373638616263643833
31633231666561323762323532613061666531396464336633623732323533323762366532643531
39373363326439386230613237376333353261393431336439656465653836393132333266373438
66306431366532393364636438626235653736653339363462353863313064383132633862306430
39616437656365653736303832633734373165653038323631373630633435393036666231333735
64353534666234383363343837363039383435316533336638623338303534363536383463616566
62656664306334313464393839386137656336393537656234306432353466333162363361396565
37613664376630373765643132393462616464303039333531373835383761623833383164386432
62616234373862386533373363653634313839316561363366323461623932366433666633323935
32366236363461363339363761306363356637613633316366383564343135356262643662333936
34666130616136373734646134363661393466303032376235636137666261623262333232333861
35366266356664303762383336363638393331333865643536636266386239363734393733386232
62353536333038623366633039666135616332353135313831633233656434356531616633373938
66386636626634363062636439306465343334376165366134396430613530343235346138336662
64353830616462323833623134383565613233646635633337306132633238613134613934386431
66383662613336343064356465643438386462663332653264663532643136633762356436613033
35386663373133363931333464326433346331396634343366386434646561613830623631666437
32316339383133663361303263376261303664323163613664663961356165663433393564633861
32623961646332323431366135633565623561373930643739373830663332646164656431323839
38666436666639313164353135656466313033306236343737363532613632356434656536616137
65663534323466363434306235346534376137303437353937663738373639323931613132336531
30353336666163306162653334636364356333383038653530333166636662343462303739373732
31383031613736316334356538303638613962396262303133383361663438303335653334383931
39633837323766373864386365393335306637363731616232616230666561353234366532663064
38343064616662343133396637656637366463306130393437396564396535636234326233616236
64363139393831393134613333633834343566636566386531643665633134626661653865393032
35636261383239623736653539363639366439306561666131626134386461653230613935646334
33393961623132363030666631626561373233636234393439363861393937653634373965383530
37363830366261316462343763353765356631343037383735363766316531633834356162666536
37366466323862383738633439346264383664633931633866316332616163656533346334363163
33626430306161323030393937356464633332303239356532386462613265653763633536623136
64643963396537386162396339613166373764303833653537306664353831373263373764376238
65313433643664646438313834663535333032383636383235303739323363323163316432393765
36653666326234353361663462313838336263386633316237303463343239383562313663313237
66333264363332356337353562366661386231336262636438643965346366626438336339343664
61393864636538646134383466623261366539326566616662656164643562666239646334633639
66346362383963333830313131383235383534623734396363653663353966666435326663393766
33313262346364653039623132323931363664373162303030626231333131346532383264326663
64363065346130616663333339666231616338633839623261663639323236613933666638653634
65613164653537323131343032353965663833313138653536613166616438643832666335356331
61306638353035383866383735373930353963333763386332363732616634323539623363653566
38343562613839333337343331643833626239373132313562363734343932303333306363326239
36393865346537356231373337663762393363393731323734386234373130366431333132616234
36323531376135336131373430393838316637653466393865316638323239393234336431623234
36353566643461346534623338363262396562353466363033366261383431393165356635653661
63343462623761633634376461663033626234346563623237343032336338303538643466323265
63393735613461613639376530663538333834633066383736306362656263663062633732333065
31633930376130313431643366396230383538336366643036343539623530326461363233623730
63393361343765626261313832613137383961326139623536373261343463626466326338386236
30633964353239666336
